31
90
36
8
69
17
21
44
45
4
70
40
66
23
0
19
84
43
66
14
62
25
57
97
62
38
29
77
44
96
66
87
39
69
45
51
51
12
59
34
78
63
72
83
83
63
66
83
5
76
8
75
96
64
53
67
23
19
81
83
83
22
82
8
10
93
20
47
94
31
98
90
22
13
16
18
42
14
78
28
60
48
77
36
81
94
77
79
59
43
64
22
58
12
80
10
72
65
33
72
92
12
7
20
18
81
42
46
62
75
5
34
74
49
30
62
77
63
49
48
36
29
64
96
75
100
24
66
46
8
99
45
84
37
82
40
67
56
92
18
93
94
49
48
67
24
98
15
77
31
65
23
53
92
95
72
32
11
20
55
49
82
81
31
19
52
22
53
24
84
75
28
24
18
75
68
57
57
6
22
11
20
80
12
52
79
49
21
79
50
28
82
82
42
54
96
55
13
55
39
78
80
45
67
40
22
77
72
63
9
86
20
22
70
79
73
19
58
58
8
71
10
0
14
27
37
5
14
11
98
49
45
14
91
89
71
98
89
19
32
58
87
6
7
54
34
49
18
13
15
26
39
22
38
87
88
100
46
30
82
60
19
18
36
27
13
73
13
31
37
3
61
61
34
23
74
90
50
72
37
58
36
55
13
84
58
6
17
75
95
37
13
94
85
92
70
83
97
52
34


