75
34
70
2
03
51
65
88
89
8
14
84
00
67
4
53
28
87
00
58
06
69
91
31
06
72
63
11
88
30
00
21
73
03
89
95
95
56
93
78
12
07
16
27
27
07
00
27
9
10
2
19
30
08
97
01
67
53
25
27
27
66
26
2
54
37
64
81
38
75
32
34
66
57
50
52
86
58
12
62
04
82
11
70
25
38
11
13
93
87
08
66
92
56
24
54
16
09
77
16
36
56
1
64
52
25
86
80
06
19
9
78
18
83
74
06
11
07
83
82
70
63
08
30
19
544
68
00
80
2
33
89
28
71
26
84
01
90
36
52
37
38
83
82
01
68
32
59
11
75
09
67
97
36
39
16
76
55
64
99
83
26
25
75
53
96
66
97
68
28
19
62
68
52
19
02
91
91
0
66
55
64
24
56
96
13
83
65
13
94
62
26
26
86
98
30
99
57
99
73
12
24
89
01
84
66
11
16
07
3
20
64
66
14
13
17
53
92
92
2
15
54
4
58
61
71
9
58
55
32
83
89
58
35
23
15
32
23
53
76
92
21
0
1
98
78
83
52
57
59
60
73
66
72
21
22
544
80
74
26
04
53
52
70
61
57
17
57
75
71
7
05
05
78
67
18
34
94
16
71
92
70
99
57
28
92
0
51
19
39
71
57
38
29
36
14
27
31
96
78

